#
#  Constellation Data File
#
#  By: Timothy Lanzi
#
#  Format:
#     Line 1:  Constellation Name
#     Line 2:  Star Index List
#
#  Notes:
#   Star indices come from sources/tools/stars/catalog.dat.
#   Insert -1 in index list to create a blank line.
#   Insert -2 in index list to change pen to dash line.
#   Insert -3 in index list to change pen back to solid line.
#
Ursa Major
4660 4301 4295 4554 4660 4905 5054 5191
Cassiopeia
21 168 264 403 542
Ursa Minor
5903 5563 5735 6116 5903 6322 6789 424
Cygnus
7924 7796 7615 7418 -1 8115 7949 7796 7528 7420
Lyra
7001 7051 7056 7106 7178 7131 7056 7001
Aquila
7710 7602 7557 7525 7235 -1 7236 7377 7557
Orion
1852 1788 1713 2004 1948 1903 1852 1790 1879 2061 1948
Taurus
1038 1239 1346 1411 1457 1910 -1 1791 1409 1373 1346
Canis Major
2827 2693 2491 2294 -1 2282 2618 2646 2693
Canis Minor
2943 2845
Andromeda
337 603 -1 226 269 337 165 15
Pegasus
8308 8450 8634 8781 8775 -2 8775 15 39 -3 39 8781
Cancer
3475 3449 3461 3249 -1 3572 3461
Gemini
2890 2990 2985 2777 2650 2421 2343 2286 2473 2890
Cetus
804 911 813 718 804 779 681 531 509 334 74 188 334 74 188 334 402 531
Aries
838 617 553
Pisces
8969 8916 8852 8911 8984 8969 9072 224 294 489 595 510 437
Aquarius
7990 8232 8414 8518 8558 8834 8698 8709 -1 8418 8499 8414
Capricornus
7747 7776 7936 7980 8204 8278 -1 7776 8075 8167 8278 8322
Sagittarius
7194 7234 7121 7039 6859 6742 6879 7194 7039 6913 6859 6879
Scorpius
6527 6580 6615 6553 6380 6262 6247 6241 6165 6134 6084 5953 -1 5984 6084 5944
Libra
5787 5685 5530 5603
Virgo
5056 4963 5107 5264 5511 -1 4963 4825 4910 4932 -1 4825 4689 4540
Leo
4057 3975 3982 4359 4534 4357 4057 4031 3905 3873
Bootes
5235 5340 5506 5681 5602 5435 5429 5340 5477
Cepheus
8974 8238 8162 8571 8694 8974
Perseus
1203 1228 1220 1122 1087 1087 1017 915 834 -1 1017 941 936 921
Draco
4434 4787 5291 5744 5986 6132 6396 6927 7582 7310 6688 6554 6536 6705 6688
Auriga
1577 2095 2088 1708 1605 1641 1612 1577
Herkules
6095 6148 6212 6220 6168 6092 -1 6212 6324 6410 (6526) 6623 -1 6324 6418 6485 6695 -1 6418 6220
Corona Borealis
5778 5747 5793 5849 5889 5947
Lepus
1865 1702 1654 1829 1865
Corvus
4757 4662 4630 4786 4757
Crux
4763 4730 -1 4656 4853
Columba
2296 2106 2040 1956 1862 -1 2120 2040
Grus
8675 8636 8556 8353 -1 8425 8556
Triangulum Australe
6217 5897 5671 6217
Centaurus
5576 5440 5288 5190 -1 5028 5190 5193 5231 5132 -1 4621 4819 5132 5267 5459
Pavo
7790 7913 7590 6982 6582 7074 7665 7913
Octans
5339 8630 8505 5339
Hydrus
1208 591 98 1208
Vela
3485 3207 3634 3786 4023 4216 3940 3734 3485
Carina
2326 3307 3699 4050 4140 4199 4037 3685 3890 3699
Puppis
3185 3045 2773 3165 2878 2553 2451 2773
Piscis Austrinus
8728 8628 8305 8431 8576 8695 8720 8728
Delphinus
7852 7882 7928 7947 7906 7882
Sagitta
7479 7536 7635 -1 7488 7536
Ophiuchus
6056 6149 6299 6556 6603 6378 6175 6075
Serpens
5867 5933 5879 5867 5788 5854 5892 5881 6561 6869 7141
Hydra
5287 5020 4552 4317 4232 4171 4094 3994 3970 3903 3748 3845 3665 3547 3482 3454 3418 3410 3482
Triangulum
544 622 664 544
